1 7764889.68564042
2 3547626.01256849
3 3268978.88650126
4 3873888.20139024
5 1370458.63278038
6 1275321.20021625
7 3818148.63657967
8 1345471.27245674
9 2236329.84058979
10 635398.03744536
11 732847.20647263
12 516120.93126588
13 729969.74895698
14 263841.02633771
15 230814.82453188
16 237416.96752782
17 288484.39014226
18 140408.91486786
19 112968.38223455
20 260025.45417568
21 90773.02951171
22 71283.29093827
23 116209.52597812
24 40749.76071095
25 71612.43912058
26 30574.84678135
27 33615.58608286
28 20907.63276469
29 39192.13140544
30 16061.69936490
31 16541.11521313
32 8910.89960844
33 6416.07034212
34 5789.63000318
35 8095.24036840
36 8410.14817508
37 19699.57895899
38 14722.12473613
39 22147.14177231
40 115204.19723086
41 35847.01431553
42 53122.98772483
43 60869.02844362
44 62945.52447208
45 40698.91080500
46 24920.65403030
47 31219.71625002
48 18111.23509301
49 10714.05213929
50 7388.97318834
51 6530.22003416
52 13159.90048362
53 4477.77065598
54 4477.52090096
55 13813.93277338
56 11022.37635504
57 6229.58759047
58 9317.14543731
59 7325.98692199
60 8180.48990185
61 4313.78238200
62 5489.48056387
63 5318.91343848
64 3716.60102306
65 5424.40358166
66 9543.68500165
67 16820.39007310
68 18967.72214905
69 16992.96297664
70 25945.68230948
71 21543.52469382
72 38720.36081645
73 8656.57720151
74 19203.48291482
75 4285.30888778
76 5769.17110570
77 4137.05551543
78 10712.04191173
79 5601.15054281
80 7350.68394277
81 5720.77400991
82 13087.46135446
83 22216.81201797
84 16550.39748701
85 14810.59223193
86 16022.67353863
87 12214.78579354
88 15050.46634691
89 23832.30254156
90 10042.73111459
91 13452.96613436
92 10552.20505945
93 10146.04360035
94 4436.06896367
95 11472.80057287
96 4498.80876983
97 5888.71408037
98 8003.85642254
99 4041.14495156
100 6481.93727811
101 4029.41937814
102 7698.09675037
103 4858.23290291
104 3546.15445724
105 17026.66261577
106 15640.57750480
107 15840.31270440
108 15108.34842732
109 12049.90659979
110 15038.58478462
111 5905.03858462
112 2205.42115293
113 2677.46334776
114 3264.21296399
115 2560.04541697
116 4998.14080683
117 2712.67471270
118 7079.82813405
119 3702.92237395
120 4435.19350520
121 6651.13474861
122 17136.15039528
123 9563.92052705
124 6773.74420533
125 7965.74777576
126 12047.28206016
127 9125.95644407
128 10440.45754578
129 23626.04101524
130 12731.68837959
131 11300.94902333
132 14339.83727876
133 12123.73641482
134 42451.41722427
135 13676.18848158
136 7786.46047003
137 19686.40549306
138 8368.07230430
139 28014.66589158
140 2892.59589571
141 2902.97186645
142 1444.47057956
143 3084.75393930
144 1353.82279889
145 2342.28394569
146 2118.39969652
147 8004.98005438
148 4387.37029118
149 6067.32049559
150 7227.87838335
151 19364.32116049
152 10449.31740973
153 7413.40830737
154 9361.31477016
155 3219.28379323
156 1175.95323521
157 1330.38919924
158 3127.97182654
159 2656.68517762
160 7630.06269638
161 6272.84660615
162 6049.84169810
163 15661.25737173
164 6214.60458233
165 8136.96508188
166 6178.33760973
167 8441.06254464
168 5106.34044925
169 7119.44153755
170 4466.28964455
171 5064.99924226
172 11257.62276211
173 2842.66746473
174 1769.32464144
175 1757.63140070
176 869.16076670
177 894.96259817
178 1149.84142114
179 1386.05903601
180 1891.10281473
181 2860.72541514
182 2761.63429695
183 5428.05786079
184 2898.25034459
185 2454.56115917
186 12028.84739444
187 2492.63458374
188 6816.13786905
189 3657.77208544
190 3197.41085209
191 1426.91016520
192 2223.56688963
193 1065.34199477
194 2380.70006620
195 1568.35561136
196 1255.82847855
197 1292.21259856
198 618.58556103
199 720.15289214
200 596.24122490
201 3503.33269182
202 1816.37403783
203 3393.76417624
204 1905.76351517
205 3934.84157202
206 2205.16332859
207 1994.60120651
208 4437.93871493
209 3929.32043336
210 3662.48183852
211 1528.10595319
212 533.23598442
213 799.79687616
214 615.37930832
215 886.03205614
216 1031.80663274
217 994.77361469
218 2728.52348587
219 2080.31479873
220 1189.29763824
221 1363.87727621
222 2713.56367851
223 915.83879042
224 1864.95057936
225 1150.61340158
226 747.15721082
227 1516.30605682
228 814.59856717
229 882.50651488
230 1144.44349226
231 2036.28777289
232 2280.81692728
233 7113.10705904
234 3780.53447015
235 7655.69824229
236 6693.50337306
237 1558.20537528
238 927.92683952
239 646.96056614
240 1804.60712052
241 806.34241710
242 959.91907986
243 667.08587672
244 1314.79166921
245 657.53957560
246 986.21656487
247 1184.34382076
248 1785.46580645
249 1826.75969228
250 1971.25927146
251 3968.21244746
252 1900.44519951
253 1461.99678038
254 2102.76793414
255 1901.81468515
256 1927.83143103
257 5086.12168298
258 2993.52258194
259 2891.86473061
260 1911.38337975
261 4114.49912821
262 1242.16760520
263 1336.20817133
264 853.89609658
265 1264.39556345
266 878.91203587
267 2422.71050396
268 1464.87380862
269 671.45506746
270 1516.68288019
271 487.72892422
272 456.75155489
273 653.80622445
274 627.13658503
275 1518.72574424
276 2626.98145558
277 1979.91418463
278 5014.25828665
279 1864.52332741
280 2991.88667613
281 1115.62761371
282 1421.80200297
283 731.23300015
284 1196.03651851
285 627.49937807
286 891.21274083
287 482.22457684
288 429.28879514
289 303.26271210
290 398.87231247
291 504.50096976
292 854.12475257
293 1215.49086443
294 3962.78411732
295 3341.63974316
296 5634.26284140
297 2381.85925360
298 2277.04937844
299 3173.35545202
300 1050.91872038
301 2614.21015527
302 897.76878330
303 1628.57102059
304 704.55008003
305 1425.58008300
306 534.27777136
307 349.12663046
308 258.27295282
309 1098.28425499
310 1004.21975063
311 1178.86515540
312 3148.65908431
313 2615.08689240
314 2647.50884444
315 1587.70070063
316 4875.29455474
317 2299.23014248
318 1701.70860768
319 3109.44678834
320 1241.47064611
321 1774.03730561
322 841.25979336
323 511.43509713
324 1103.44123843
325 364.99414811
326 412.36574780
327 329.60211841
328 657.95976491
329 378.71973381
330 1117.27955982
331 1946.17893796
332 2147.59392904
333 1286.08953377
334 2044.11233161
335 3241.47732811
336 4953.66974475
337 2129.30115761
338 3861.52870838
339 952.91912337
340 378.28252671
341 455.85846101
342 461.97303317
343 587.49360303
344 609.08253798
345 1066.25088290
346 517.95743958
347 863.99395789
348 654.34886810
349 630.08213759
350 971.35590194
351 1116.04491036
352 1218.22812782
353 2216.12383899
354 3435.62068773
355 1969.15909340
356 1607.64597779
357 2820.65049525
358 3031.56299729
359 1401.85107206
360 2224.38862872
361 1149.88168878
362 4003.56990719
363 1169.56547967
364 3558.06530656
365 1361.39701233
366 387.57331488
367 726.34865927
368 678.45627344
369 979.88672139
370 431.91638560
371 1316.41662954
372 431.85206258
373 369.90367537
374 873.20417941
375 380.31350164
376 807.04844869
377 1828.02484596
378 1232.80563140
379 972.76362264
380 635.84075837
381 503.76943440
382 338.11783689
383 514.80377348
384 627.77085777
385 1354.25647290
386 1382.51506397
387 1231.70019427
388 1108.53500226
389 1335.57507836
390 2115.25896292
391 2968.87201232
392 3075.52845086
393 6914.31770218
394 4951.68305730
395 2313.16531379
396 1352.35807873
397 907.89537788
398 691.68426210
399 1762.15205293
400 568.76471059
401 559.34730965
402 636.71547199
403 731.99601532
404 2327.90684728
405 917.32692179
406 1936.79040215
407 2491.99338737
408 5499.92020090
409 4480.59505409
410 3902.08234989
411 2914.64514308
412 2046.62590601
413 5631.47147116
414 947.24509918
415 1995.30612385
416 1181.84856889
417 711.55899289
418 1135.32863851
419 1614.81904093
420 764.32343268
421 1463.30789727
422 489.27795093
423 770.58594870
424 446.56920842
425 558.29673647
426 643.69956204
427 532.20937295
428 1084.91641495
429 975.46581555
430 1215.41470427
431 1615.89123419
432 1304.35431380
433 1645.53573749
434 1878.44569918
435 3488.67007794
436 2120.51181537
437 3654.36811564
438 5632.85458720
439 4204.81513931
440 2509.80531279
441 7619.62038306
442 1713.02925436
443 876.36357548
444 563.51724820
445 497.72081594
446 1180.25619608
447 870.23298636
448 730.67135632
449 929.99333424
450 1664.91726188
451 1180.86454698
452 4378.84371826
453 2187.41054802
454 4991.99267142
455 2894.20009423
456 3110.14653634
457 5387.98900157
458 1182.03219544
459 2242.74324030
460 757.46978725
461 2296.02741566
462 558.80844819
463 461.83137832
464 413.44466694
465 700.29867528
466 570.56652606
467 498.90220599
468 1033.07261627
469 4060.57877937
470 1835.46548735
471 7891.85126816
472 2314.84979226
473 4049.07189498
474 2016.53183306
475 4815.92907142
476 942.33928215
477 927.34432349
478 3636.82371678
479 1518.68435894
480 3100.30523799
481 1492.11767055
482 1333.09574034
483 1339.25128027
484 607.06646870
485 1664.62197979
486 423.73559255
487 456.49926797
488 602.30188961
489 1264.96026561
490 1208.41287833
491 474.91017540
492 525.20761398
493 944.71502079
494 2872.30149463
495 2369.93053594
496 1482.18213718
497 2514.33161246
498 3732.87471571
499 5380.21131765
500 3048.97297786
501 1996.18077021
502 907.31162390
503 1243.93733782
504 718.91888459
505 389.09366450
506 760.56109537
507 408.32477710
508 556.58234747
509 360.27834623
510 245.91691561
511 543.89592850
512 2731.62825121
513 2443.40973983
514 1682.38921013
515 6574.75080308
516 3797.44859222
517 3183.09126196
518 3393.72143569
519 1578.17208256
520 2491.82498601
521 792.93433167
522 493.18024302
523 829.84129387
524 394.44901647
525 481.84413505
526 583.94449403
527 493.25343868
528 566.21233904
529 1435.29878689
530 520.04408604
531 752.79217988
532 934.33316951
533 1001.26501561
534 290.52749074
535 224.99302336
536 159.23087224
537 356.55264808
538 219.40568692
539 380.78414645
540 2073.51872690
541 769.99515059
542 2161.49372451
543 1271.74199464
544 2986.41913212
545 1937.78660570
546 1203.97486601
547 2047.18020180
548 730.26539847
549 455.63311769
550 645.33064272
551 1196.72328180
552 1100.75944928
553 754.62401870
554 360.65417949
555 263.92131169
556 679.12747311
557 373.21542981
558 429.22646113
559 462.85496285
560 1019.95585802
561 614.58461375
562 255.51776710
563 333.99055176
564 473.58185798
565 499.52489954
566 878.36197203
567 1626.31373954
568 3223.14451925
569 1268.38770647
570 2891.20227266
571 1114.72009460
572 1734.42180617
573 1624.58647346
574 1827.90303051
575 2123.49256267
576 947.17774293
577 828.84538532
578 1344.92499513
579 601.35195722
580 441.48238319
581 553.98659516
582 707.10079768
583 512.60215728
584 273.49215790
585 817.06236347
586 214.20557756
587 348.47671656
588 249.19064328
589 362.41969157
590 290.37098743
591 258.73177311
592 498.20584600
593 335.21746738
594 514.75132320
595 498.46510558
596 728.64983315
597 461.88433799
598 618.70928836
599 487.59117319
600 559.49735478
601 979.31256073
602 1145.02080366
603 963.76310812
604 1308.80315190
605 364.59435173
606 596.50039886
607 315.65604111
608 247.53964609
609 260.53048091
610 142.75244996
611 590.96010961
612 217.78247105
613 333.16429001
614 619.15327777
615 239.81986799
616 185.87945126
617 190.45476297
618 271.21185573
619 171.68071918
620 315.20148825
621 426.29901511
622 403.26065845
623 927.85250219
624 521.73611650
625 949.23915680
626 598.13672114
627 1077.60396088
628 341.66871350
629 841.34632224
630 172.17850981
631 201.54119489
632 280.80804945
633 101.18930568
634 435.52832685
635 240.05948235
636 570.62079497
637 860.52918092
638 797.56175076
639 749.11142675
640 1571.65337425
641 700.85182646
642 311.94998751
643 723.90464086
644 189.86529723
645 642.05110192
646 223.33370273
647 314.40444790
648 270.35164301
649 180.40942080
650 200.00538136
651 90.94474323
652 189.80867546
653 503.62449218
654 488.69287097
655 291.78151091
656 710.00047230
657 506.08300014
658 726.68119650
659 973.11633872
660 889.32194487
661 946.80942939
662 365.57121524
663 525.76540443
664 168.30681060
665 232.44416335
666 77.28537948
667 67.34053261
668 199.82619609
669 168.76285263
670 169.34027836
671 320.22306139
672 427.91630496
673 799.18692567
674 756.64019482
675 1240.44360103
676 474.64714048
677 506.30176985
678 1398.48416380
679 812.47591941
680 1304.03680118
681 872.86421490
682 356.26306807
683 258.81498295
684 306.33142454
685 131.76208171
686 132.95552241
687 154.80696124
688 164.04508432
689 522.47163295
690 334.69535000
691 455.25425271
692 487.88692707
693 722.99651314
694 598.14106516
695 978.24780457
696 454.66296596
697 226.73719912
698 335.43758355
699 311.20958607
700 173.58493613
701 343.46892637
702 199.99903907
703 349.65884197
704 199.72881928
705 548.07540863
706 219.03495582
707 499.39747221
708 332.15649092
709 340.80777252
710 479.33359327
711 274.98567972
712 387.42900054
713 217.36105585
714 238.09501059
715 215.69855704
716 383.18241869
717 390.23158177
718 875.03670297
719 718.33043506
720 459.87657581
721 597.95352803
722 228.11989954
723 221.04332490
724 388.19620495
725 403.39217591
726 589.90301921
727 229.20577084
728 362.98482135
729 359.41340551
730 531.14008564
731 212.44088368
732 348.01667415
733 369.33043077
734 479.60370167
735 300.68977069
736 216.19659249
737 193.64798715
738 236.51139974
739 113.61673080
740 462.24609514
741 204.92236531
742 588.66831382
743 368.88802966
744 463.61081846
745 834.87017835
746 764.23794802
747 911.72724708
748 648.77612258
749 342.50904306
750 222.48394622
751 369.71692687
752 258.52614174
753 256.51499126
754 144.70651342
755 209.02962527
756 170.64508911
757 116.39462271
758 111.21513981
759 161.91949573
760 111.39423814
761 60.59751993
762 137.40244175
763 85.61914462
764 343.03971091
765 86.13417939
766 107.41604678
767 147.14200186
768 151.81731803
769 248.42091787
770 173.94410269
771 229.74383108
772 249.94422909
773 330.73848428
774 758.53898457
775 383.18383673
776 628.86110709
777 417.67008605
778 1194.09292797
779 395.90264792
780 328.11794672
781 287.48590671
782 143.14662990
783 279.56083852
784 124.41294985
785 274.47598369
786 77.86466468
787 283.29395167
788 104.28289693
789 143.87739193
790 119.36152012
791 96.71650446
792 204.85231937
793 163.73117703
794 109.30559866
795 174.27019897
796 375.59932839
797 328.82856914
798 348.73077641
799 361.75271906
800 317.38180492
801 354.38474153
802 663.99211185
803 1245.05385840
804 1073.75424419
805 838.34577694
806 769.31968114
807 1080.40768047
808 1114.99269890
809 356.96341895
810 759.00723653
811 454.81500006
812 284.01090966
813 423.92982216
814 340.61194470
815 210.97848370
816 272.36606623
817 167.12274721
818 115.44791038
819 67.38570105
820 233.68254184
821 224.35125518
822 228.21340139
823 591.66012325
824 425.65212684
825 432.21284860
826 215.96936964
827 604.96614083
828 291.54784408
829 264.61774671
830 166.61718206
831 159.13526059
832 388.77160632
833 272.68626172
834 113.98713905
835 217.06595234
836 214.58792688
837 101.81037480
838 311.04547882
839 56.86964268
840 59.66321542
841 104.23856005
842 82.70966173
843 88.23118255
844 46.15753930
845 84.70206628
846 53.52628025
847 188.39683578
848 102.01930729
849 466.12082068
850 283.09532599
851 1110.74241564
852 330.24413169
853 923.57620609
854 331.39619355
855 750.45368484
856 344.47192352
857 183.08751348
858 312.70755069
859 101.34856959
860 112.12360689
861 59.64113568
862 95.32352199
863 68.70594993
864 40.71867531
865 32.56485060
866 252.82867424
867 94.78577947
868 143.55223801
869 135.54966167
870 117.27257730
871 122.97254215
872 76.99686598
873 180.77190183
874 82.32262508
875 468.95612708
876 150.32870174
877 628.45393927
878 335.84113553
879 468.98789411
880 502.25913632
881 283.17794982
882 483.81438767
883 119.66132813
884 178.54809098
885 114.94683061
886 162.84676745
887 87.71546710
888 119.82353732
889 291.05169345
890 97.18619505
891 162.79926304
892 301.18808444
893 308.07124497
894 323.47564496
895 527.67619720
896 466.48779528
897 1205.44640983
898 382.28472665
899 267.74322793
900 161.81898331
901 89.69335260
902 78.83195273
903 47.26637790
904 20.14830821
905 61.28438933
906 232.05174702
907 250.31184353
908 174.93852273
909 458.42548083
910 396.23075873
911 592.61063205
912 603.68923369
913 1047.90623237
914 434.27330922
915 390.77372310
916 179.27237685
917 148.72991146
918 268.62399367
919 221.33971781
920 149.21955180
921 141.25219194
922 38.63383237
923 38.59658652
924 53.33806024
925 38.88818267
926 55.08822727
927 39.30019891
928 64.63286330
929 222.65317861
930 137.15207309
931 833.19095977
932 497.24738875
933 921.44969683
934 511.00947524
935 653.60618834
936 822.41397019
937 1296.69061249
938 563.03811099
939 1178.78461589
940 2160.45018083
941 745.92327823
942 617.90371633
943 269.56291350
944 174.14959882
945 307.68477195
946 84.26031500
947 110.45450000
948 282.34392538
949 433.02330519
950 188.79338366
951 140.67724907
952 117.15895998
953 130.01889885
954 41.73292553
955 187.66195145
956 51.69908009
957 86.85867060
958 143.73131103
959 186.97896287
960 254.12551318
961 432.48256227
962 388.11083301
963 1042.44286652
964 585.82785774
965 777.92470571
966 599.67461676
967 286.31727123
968 557.74469888
969 140.75808178
970 181.20040620
971 384.68307403
972 109.09459270
973 99.84991783
974 299.18722488
975 653.73896199
976 436.06456396
977 379.02873570
978 795.81361927
979 611.74370004
980 358.31803861
981 290.42745766
982 324.40028175
983 597.19582166
984 636.44862530
985 608.66895766
986 400.11840946
987 440.92408402
988 446.16722769
989 99.22628514
990 174.77995195
991 76.05161794
992 83.23460898
993 81.83555265
994 101.61342369
995 636.47216035
996 198.82304435
997 471.93376906
998 566.63080381
999 379.38805161
1000 834.03459071
1001 425.87695685
1002 583.89498533
1003 332.04435313
1004 515.89249452
1005 520.46134634
1006 236.21963977
1007 176.02348436
1008 208.50373531
1009 130.29811443
1010 147.83000895
1011 131.65038911
1012 274.54434370
1013 216.80532705
1014 269.39967549
1015 318.73961102
1016 693.89151549
1017 276.05865602
1018 306.46464065
1019 962.69720621
1020 351.04497145
1021 868.97670945
1022 243.08907727
1023 487.76724983
1024 640.23995982
1025 416.91656492
1026 679.31718688
1027 599.46951133
1028 522.57915187
1029 522.40480203
1030 963.93104494
1031 313.85455196
1032 313.94057648
1033 369.66621786
1034 189.24343104
1035 85.81926184
1036 93.42948988
1037 45.12583499
1038 98.98107235
1039 57.93140926
1040 201.08471844
1041 78.74974592
1042 155.61398722
1043 117.43538074
1044 97.46011611
1045 140.13338233
1046 171.40521878
1047 155.84736745
1048 189.21329905
1049 244.56714687
1050 519.37823291
1051 255.44926024
1052 153.23428321
1053 163.68735072
1054 147.08989880
1055 253.36831448
1056 131.92029344
1057 220.20335324
1058 211.83206268
1059 155.23241311
1060 101.80910095
1061 235.49818726
1062 76.25690985
1063 112.46557582
1064 85.23658654
1065 66.16041975
1066 114.27014014
1067 105.16686556
1068 183.49426357
1069 196.67058366
1070 165.98173905
1071 225.73864760
1072 247.64728387
1073 322.76203072
1074 499.49589791
1075 1618.52566479
1076 307.03832136
1077 351.50673598
1078 597.19935562
1079 208.17018411
1080 287.36420337
1081 154.70194526
1082 196.67331949
1083 222.59865040
1084 229.54349894
1085 297.28847660
1086 188.72114601
1087 123.12689728
1088 128.82874294
1089 110.86907180
1090 71.18885164
1091 140.63496284
1092 324.99687890
1093 51.43538928
1094 69.00721324
1095 89.69965502
1096 159.43431488
1097 203.92424849
1098 428.39303203
1099 139.53989020
1100 291.25194534
1101 112.30384690
1102 158.68131359
1103 100.74461793
1104 57.57014004
1105 152.69355436
1106 102.02638155
1107 236.34729583
1108 161.99626096
1109 252.85614191
1110 340.15608100
1111 200.47975766
1112 235.23474871
1113 138.58936265
1114 114.23365775
1115 138.27630975
1116 130.38790808
1117 150.04959491
1118 623.62202561
1119 326.93668395
1120 259.50633736
1121 507.53173067
1122 222.59833887
1123 358.85342967
1124 1125.75673003
1125 629.98123455
1126 623.64233571
1127 633.04917503
1128 178.14621256
1129 177.25934160
1130 169.59069521
1131 118.94234342
1132 80.10962626
1133 68.75939913
1134 298.12788751
1135 108.71652486
1136 159.66786854
1137 148.59359555
1138 231.75864670
1139 243.34745127
1140 327.66566424
1141 297.28607916
1142 467.82843698
1143 275.39005201
1144 332.01881288
1145 382.02478875
1146 315.93787761
1147 331.06983017
1148 403.43221044
1149 260.22717760
1150 245.22068044
1151 258.91495872
1152 368.06935922
1153 257.18900736
1154 140.91600659
1155 193.45104005
1156 199.73353304
1157 209.64075525
1158 137.49802206
1159 273.02351117
1160 76.61295599
1161 44.97044923
1162 65.63693608
1163 89.60179773
1164 197.34616191
1165 176.82102179
1166 163.92438952
1167 146.69293269
1168 75.95227450
1169 168.36988819
1170 425.39812367
1171 622.09296224
1172 800.12276244
1173 872.44693629
1174 872.75281302
1175 1325.70237251
1176 399.16848621
1177 501.80379883
1178 356.20567517
1179 142.85908351
1180 332.25177634
1181 411.89915431
1182 110.63133491
1183 78.34361799
1184 107.87387524
1185 243.70140012
1186 406.80234907
1187 400.08209213
1188 452.46101065
1189 638.93437759
1190 884.77614830
1191 570.77042348
1192 409.95906491
1193 594.39749928
1194 370.62966999
1195 732.28625377
1196 397.04191987
1197 1128.61256786
1198 1090.06830239
1199 1192.42424584
1200 531.22927453
1201 412.80669558
1202 471.50970158
1203 224.31505823
1204 177.12382360
1205 106.52641808
1206 122.45504340
1207 113.74197777
1208 365.72879816
1209 100.38665349
1210 258.16028384
1211 59.87477196
1212 62.39370207
1213 113.36221900
1214 417.97145832
1215 538.26378931
1216 575.72996310
1217 644.11394506
1218 553.78797095
1219 503.61620289
1220 772.14536946
1221 392.97702410
1222 287.92034395
1223 412.82812355
1224 271.70950505
1225 379.21097682
1226 233.96750740
1227 103.31596633
1228 201.34896730
1229 220.24760868
1230 250.12025026
1231 542.04234268
1232 431.99182804
1233 1083.34840042
1234 600.04854791
1235 373.03385814
1236 428.18492341
1237 383.14119144
1238 350.93500684
1239 302.75434716
1240 226.10888106
1241 286.49325101
1242 640.85717250
1243 554.92063535
1244 322.64180021
1245 534.19993809
1246 136.53108159
1247 82.71044472
1248 77.51144997
1249 59.43576165
1250 184.29478534
1251 106.13191741
1252 95.08351267
1253 82.82112713
1254 190.91353252
1255 55.39729234
1256 133.84308471
1257 288.75784175
1258 421.17523073
1259 871.34460294
1260 509.51870498
1261 515.79016038
1262 802.68882795
1263 178.02478103
1264 90.30487517
1265 132.79881274
1266 91.82663482
1267 209.15323217
1268 101.18268497
1269 93.95789037
1270 201.38440164
1271 128.92835857
1272 198.45915080
1273 174.52519500
1274 289.84931234
1275 339.19913845
1276 192.34744118
1277 178.28843632
1278 624.01274637
1279 245.83693215
1280 411.57624381
1281 397.80433742
1282 1028.76184023
1283 344.47506313
1284 646.57448788
1285 384.72023524
1286 627.19374675
1287 208.52527804
1288 179.96176826
1289 319.95177225
1290 502.46178250
1291 149.66654514
1292 382.35259138
1293 148.01380877
1294 194.95334883
1295 165.73102902
1296 266.17844986
1297 112.99140551
1298 385.09458588
1299 256.56776672
1300 131.13087536
1301 123.48911812
1302 142.85408066
1303 100.79336202
1304 121.07655899
1305 133.10155262
1306 56.46858556
1307 59.50443730
1308 195.58706312
1309 90.92953092
1310 171.09886851
1311 251.78014483
1312 494.00483770
1313 300.31220829
1314 316.67197698
1315 401.69064756
1316 282.96571860
1317 309.20001106
1318 385.24344780
1319 265.57219308
1320 500.79371554
1321 322.42529211
1322 591.96563285
1323 261.01691933
1324 284.30607059
1325 103.81219371
1326 251.98216255
1327 122.86023660
1328 159.11141678
1329 176.55205627
1330 143.06893728
1331 160.95898674
1332 300.06189607
1333 82.75074666
1334 52.41947203
1335 108.63698212
1336 32.07332623
1337 60.35196781
1338 110.26259397
1339 139.76009871
1340 265.17998469
1341 1093.98777906
1342 257.47868592
1343 352.57674015
1344 278.82815811
1345 206.79421765
1346 213.67967531
1347 141.26717093
1348 110.62358693
1349 226.42220463
1350 52.77825120
1351 156.99048573
1352 58.97026822
1353 113.22713225
1354 294.88280091
1355 507.88558769
1356 196.09568656
1357 473.95388037
1358 257.60894451
1359 518.84771074
1360 672.95553676
1361 636.17321369
1362 530.44353123
1363 326.02380360
1364 546.22828676
1365 334.93173537
1366 204.81136796
1367 120.62459007
1368 115.47628400
1369 106.45259908
1370 44.27206509
1371 76.39117518
1372 113.50582069
1373 135.65116294
1374 82.52099928
1375 163.96716911
1376 205.91690591
1377 282.26881331
1378 101.20662186
1379 105.43221271
1380 282.11492978
1381 502.70769009
1382 1155.34318654
1383 536.19318657
1384 1092.23006148
1385 361.45506648
1386 1055.26046985
1387 446.00235978
1388 598.40913357
1389 156.93363451
1390 134.91479511
1391 132.94710791
1392 57.90832997
1393 115.20194695
1394 59.26872465
1395 233.90029507
1396 242.09941539
1397 394.02931826
1398 240.47875892
1399 655.23763384
1400 332.02056949
1401 449.93065136
1402 554.16841939
1403 306.22616599
1404 109.24406127
1405 254.89510067
1406 93.59743470
1407 98.13560736
1408 59.59165768
1409 32.26330164
1410 29.61398361
1411 44.24324500
1412 87.18933796
1413 209.48700126
1414 132.27289280
1415 622.36669628
1416 426.18404740
1417 480.64886076
1418 889.16064724
1419 229.33183078
1420 945.54102745
1421 215.09481824
1422 171.89435812
1423 160.18463264
1424 118.89236290
1425 82.54144084
1426 53.34248618
1427 50.44582337
1428 68.83476337
1429 35.80804022
1430 102.62899072
1431 75.15899403
1432 44.62960292
1433 66.46249819
1434 123.13485553
1435 163.45793910
1436 580.56000420
1437 220.93493516
1438 452.76164426
1439 281.60791848
1440 211.55265151
1441 241.71983199
1442 234.44185646
1443 461.15836355
1444 155.60906347
1445 149.95945275
1446 377.52528510
1447 125.42398537
1448 327.71701768
1449 169.77529938
1450 271.12737759
1451 154.61473279
1452 97.56477739
1453 61.62013378
1454 84.26341065
1455 96.96508864
1456 191.15569528
1457 158.87992170
1458 109.20683049
1459 113.96545809
1460 89.60357672
1461 107.69044281
1462 87.39855824
1463 168.71091618
1464 68.32002900
1465 109.49628154
1466 77.23072429
1467 56.93846487
1468 54.91691288
1469 42.89932858
1470 84.23645272
1471 164.53579801
1472 135.60077408
1473 382.18544223
1474 319.42563260
1475 126.18253924
1476 168.53716894
1477 47.51883370
1478 67.20038638
1479 35.44186593
1480 41.49299284
1481 37.58303632
1482 94.16242724
1483 37.99082260
1484 60.09424971
1485 104.30354547
1486 139.11250929
1487 143.34385010
1488 259.91584155
1489 837.91073561
1490 316.84005830
1491 535.54012552
1492 249.59093341
1493 151.38476292
1494 136.68748371
1495 75.22777798
1496 178.27116875
1497 95.15493222
1498 101.45486625
1499 88.80366077
1500 74.68580482
1501 51.75951077
1502 75.28915653
1503 41.61340545
1504 67.48391234
1505 28.40316408
1506 62.45941733
1507 29.16242197
1508 45.13699927
1509 38.35912110
1510 52.70510507
1511 39.93338790
1512 35.83500895
1513 55.78769101
1514 67.01266153
1515 167.12381483
1516 64.94424949
1517 124.92832762
1518 96.22538649
1519 157.98814175
1520 207.80796370
1521 185.58795821
1522 212.76607808
1523 146.30585642
1524 163.60620606
1525 99.81416749
1526 231.35742566
1527 117.41090323
1528 74.05467515
1529 73.28898339
1530 51.45801211
1531 38.84367236
1532 82.35240412
1533 36.04378729
1534 88.76392568
1535 56.50597043
1536 89.75753680
1537 38.26608231
1538 56.76122685
1539 64.99021610
1540 150.29880847
1541 57.88871811
1542 52.72517263
1543 109.97300920
1544 174.01682573
1545 71.84725380
1546 137.25057252
1547 129.25193808
1548 168.10161054
1549 114.00609349
1550 218.10390209
1551 607.44494779
1552 240.86678276
1553 257.79002750
1554 109.15112248
1555 95.20145561
1556 54.06414280
1557 120.61572404
1558 75.53047507
1559 67.35387947
1560 170.19952726
1561 95.75074720
1562 188.05877993
1563 51.86365311
1564 123.28644931
1565 348.07409372
1566 285.09091219
1567 239.54945442
1568 305.68951583
1569 239.18870242
1570 137.53012223
1571 154.59273285
1572 344.80339405
1573 174.83730759
1574 139.44414331
1575 152.74295400
1576 37.42287498
1577 56.89887694
1578 49.47983546
1579 28.09152427
1580 28.47049712
1581 31.71633839
1582 61.72325455
1583 37.38705691
1584 128.77619196
1585 43.92688092
1586 59.54640479
1587 58.77506192
1588 142.80370596
1589 138.18891562
1590 319.62066836
1591 136.76742086
1592 256.02402631
1593 128.43175461
1594 126.03276213
1595 87.57888459
1596 54.56391669
1597 58.27133476
1598 98.03287493
1599 77.30457243
1600 45.38990182
1601 100.29075854
1602 46.78895646
1603 57.26928168
1604 38.37229097
1605 30.83294258
1606 18.91252554
1607 15.03076141
1608 16.84138546
1609 61.24364425
1610 26.56829368
1611 51.21845826
1612 128.71910467
1613 60.51741630
1614 98.91529379
1615 55.69441384
1616 84.90131994
1617 49.65492371
1618 91.59476704
1619 97.24534927
1620 186.40583454
1621 237.85248689
1622 400.84137027
1623 247.65669374
1624 176.91703525
1625 199.98014124
1626 332.04701765
1627 60.80624626
1628 47.62584686
1629 29.39764238
1630 57.29142153
1631 20.83952397
1632 161.27653721
1633 90.40818408
1634 176.72188332
1635 219.08185855
1636 239.23813121
1637 293.71142498
1638 85.10587765
1639 43.71291641
1640 79.26998833
1641 28.30685233
1642 21.82657895
1643 33.41275414
1644 20.94953463
1645 31.71089033
1646 85.67145206
1647 43.09296773
1648 101.45781061
1649 56.33906119
1650 124.54986353
1651 126.74965092
1652 74.80642197
1653 101.77565511
1654 90.08508141
1655 83.58665510
1656 99.91831520
1657 39.65828321
1658 36.15168467
1659 47.71533907
1660 53.32467704
1661 78.12522607
1662 63.23668125
1663 121.87880171
1664 110.34711662
1665 68.04414671
1666 79.81131780
1667 89.22350645
1668 24.79222044
1669 107.61100068
1670 29.73000208
1671 78.66868047
1672 28.75301828
1673 59.30601789
1674 41.29496264
1675 43.85692649
1676 74.78679555
1677 56.92874422
1678 124.21890912
1679 472.99543752
1680 184.28681304
1681 178.90631243
1682 155.35857218
1683 189.07574891
1684 85.11856871
1685 164.84541192
1686 37.86147964
1687 181.32216344
1688 59.22856080
1689 72.36709434
1690 41.99562092
1691 25.71846114
1692 61.55762322
1693 40.33060182
1694 101.11618750
1695 51.45123200
1696 67.24792847
1697 89.31377671
1698 78.24951916
1699 135.49875903
1700 90.70887888
1701 100.71320258
1702 163.96264965
1703 281.37474719
1704 170.06013553
1705 264.83558114
1706 202.54980751
1707 130.55612219
1708 322.31433526
1709 268.78683080
1710 372.52641261
1711 302.72044827
1712 175.22652459
1713 108.14248076
1714 71.19283655
1715 33.72442167
1716 33.73195751
1717 40.72039228
1718 52.15537869
1719 94.29656625
1720 103.60057927
1721 218.26021226
1722 245.35637077
1723 442.12871507
1724 229.25273590
1725 156.72181855
1726 328.96433135
1727 190.26782082
1728 186.20495617
1729 301.72103838
1730 163.27202825
1731 481.12296881
1732 116.05276778
1733 129.89621864
1734 141.27351146
1735 63.84894454
1736 78.12966234
1737 91.67250506
1738 221.99223049
1739 93.36669282
1740 121.56187805
1741 148.85320788
1742 63.74558472
1743 112.98864306
1744 55.77675829
1745 27.41774023
1746 127.15138615
1747 50.87795134
1748 88.50499939
1749 165.76716196
1750 87.98194619
1751 195.42713471
1752 116.39519093
1753 152.10039659
1754 83.75288386
1755 146.10614112
1756 344.02479232
1757 203.81009380
1758 439.08987790
1759 238.02714961
1760 223.30415922
1761 327.38330459
1762 107.87825985
1763 57.46147469
1764 76.02772577
1765 48.04228648
1766 44.75112113
1767 46.32371060
1768 24.02878572
1769 27.87992869
1770 65.85136544
1771 46.77533500
1772 74.91891424
1773 63.51864590
1774 98.03027528
1775 129.47471428
1776 428.26482405
1777 176.31044265
1778 449.27315798
1779 611.63905403
1780 529.19260420
1781 526.67791042
1782 263.77144620
1783 176.35204918
1784 293.11938978
1785 169.51314278
1786 81.35575165
1787 128.72702096
1788 78.64292936
1789 70.64256229
1790 253.28117686
1791 84.62108027
1792 90.64392906
1793 226.34722593
1794 85.73780655
1795 74.73108740
1796 62.63517687
1797 42.33068825
1798 150.61523350
1799 65.55308000
1800 126.93338436
1801 178.88746887
1802 231.61715063
1803 168.41791187
1804 488.66523013
1805 80.59162871
1806 103.39560336
1807 31.96819416
1808 53.49973487
1809 38.67960567
1810 32.46939935
1811 81.46813568
1812 42.59639756
1813 48.05657749
1814 142.44370225
1815 114.54029372
1816 200.90221738
1817 89.09129935
1818 194.42977828
1819 171.84797476
1820 112.22294449
1821 223.47033147
1822 126.04101847
1823 84.52254141
1824 72.05095761
1825 17.53906856
1826 60.45055364
1827 31.22246203
1828 56.13548607
1829 40.34117252
1830 37.88940827
1831 55.53136959
1832 63.88301225
1833 130.97012324
1834 96.15321837
1835 313.00175374
1836 151.61066647
1837 270.17345032
1838 164.17990894
1839 103.87322987
1840 80.44523032
1841 90.17033874
1842 130.37270472
1843 51.12647846
1844 41.77482441
1845 81.46736394
1846 369.77193140
1847 140.79960169
1848 108.67070118
1849 120.46330669
1850 299.99742990
1851 52.61879065
1852 106.96398982
1853 40.60146916
1854 75.26047673
1855 239.47293634
1856 74.51688658
1857 148.93049160
1858 182.50140138
1859 210.10372773
1860 299.68135815
1861 253.14651023
1862 478.31885593
1863 287.61780924
1864 757.96027839
1865 290.62975919
1866 329.61254298
1867 302.71587094
1868 396.69259202
1869 135.77552077
1870 134.05502376
1871 75.93231891
1872 65.17329172
1873 83.81483854
1874 16.06098285
1875 20.98764886
1876 30.90311400
1877 68.16934996
1878 25.49449222
1879 56.98450342
1880 31.86273981
1881 17.66401556
1882 11.18595466
1883 37.85193691
1884 22.42164668
1885 29.17282181
1886 34.62763794
1887 40.19529362
1888 83.35156671
1889 101.65998124
1890 127.23911615
1891 75.09192656
1892 129.04149516
1893 352.20338914
1894 102.00376508
1895 208.76789796
1896 87.82703773
1897 146.00366219
1898 63.78893913
1899 128.33914737
1900 35.97004684
1901 165.60768624
1902 57.76808771
1903 76.06398996
1904 47.68837016
1905 30.97390091
1906 128.18166062
1907 198.28311532
1908 456.67762661
1909 262.92399773
1910 852.84995621
1911 244.44830895
1912 241.53326446
1913 113.27096908
1914 157.66000215
1915 195.37171669
1916 95.34737922
1917 57.38762704
1918 206.46143441
1919 63.01839777
1920 156.50299466
1921 60.32319950
1922 40.00945410
1923 53.09726836
1924 130.48140295
1925 91.12403018
1926 69.53725969
1927 64.41630388
1928 132.63424464
1929 69.93780177
1930 87.41195577
1931 153.27142048
1932 67.53449767
1933 50.43204334
1934 111.07956058
1935 353.29830816
1936 148.42100571
1937 217.41070121
1938 85.55692077
1939 167.69359181
1940 158.72223088
1941 95.46871578
1942 91.03770205
1943 28.40462686
1944 17.93326490
1945 23.47420809
1946 21.40136611
1947 24.48956762
1948 50.18079293
1949 30.51955144
1950 34.72054512
1951 84.17772222
1952 143.87243599
1953 98.30895751
1954 208.16725675
1955 199.11348910
1956 273.25163404
1957 139.54458793
1958 217.58174405
1959 461.71839403
1960 273.92236709
1961 167.39501298
1962 176.11980296
1963 146.27585223
1964 115.29920712
1965 183.54577936
1966 153.28149181
1967 263.98038670
1968 149.25109730
1969 91.23088982
1970 151.44736746
1971 40.95093162
1972 124.91484852
1973 61.65738184
1974 101.97842136
1975 70.93914176
1976 255.88810805
1977 103.31164214
1978 139.02429787
1979 316.15507061
1980 262.50773201
1981 658.50881639
1982 298.08781081
1983 189.66713215
1984 456.43971195
1985 243.17159412
1986 297.87675982
1987 117.51403682
1988 82.19956122
1989 71.03095901
1990 115.29935107
1991 87.17526202
1992 83.73776309
1993 72.60770668
1994 62.81222764
1995 61.33464391
1996 35.77001005
1997 29.67870074
1998 218.57815579
1999 242.49183129
2000 142.35712785
2001 320.53007745
2002 126.09096137
2003 429.81958731
2004 182.37050079
2005 287.51499695
2006 538.50228446
2007 196.46663413
2008 193.44097078
2009 460.59997641
2010 89.04019903
2011 79.33600959
2012 49.15151203
2013 21.05983742
2014 67.69355377
2015 23.45509670
2016 24.59396091
2017 24.14116388
2018 35.19251533
2019 32.62115688
2020 17.54080055
2021 17.15548050
2022 40.51546279
2023 22.04282149
2024 71.16526368
2025 29.99575105
2026 45.60937659
2027 92.72048254
2028 144.21871976
2029 87.76434743
2030 131.87724097
2031 124.68973226
2032 69.43294133
2033 79.24352918
2034 105.82872754
2035 130.83537621
2036 441.88918078
2037 162.70740675
2038 152.40975505
2039 114.59490673
2040 81.88699854
2041 29.54622867
2042 20.88092122
2043 33.60692289
2044 55.31365824
2045 58.48581632
2046 36.72133023
2047 55.00907243
2048 126.14107530
2049 78.13146958
2050 120.44631814
2051 63.56352382
2052 52.31273993
2053 42.93704835
2054 57.73621130
2055 81.19698035
2056 109.24868380
2057 35.64162429
2058 51.68748585
2059 171.07344434
2060 79.88038294
2061 168.24760496
2062 400.78365709
2063 81.17152290
2064 152.68587831
2065 113.78416872
2066 43.07230728
2067 74.57489717
2068 26.07397104
2069 36.14473612
2070 34.01361224
2071 20.07047245
2072 22.52295909
2073 15.74465793
2074 22.62061058
2075 78.45312581
2076 54.97985622
2077 56.99618286
2078 87.31548136
2079 139.00787474
2080 64.14508766
2081 54.86092709
2082 72.53490753
2083 144.32900055
2084 76.55885685
2085 102.28503120
2086 101.90366094
2087 118.19476876
2088 36.73121884
2089 125.74955415
2090 55.60833937
2091 29.20465534
2092 53.90467877
2093 22.17497718
2094 43.86948593
2095 41.06619513
2096 41.98273786
2097 28.70044356
2098 28.12275917
2099 55.88230515
2100 51.78126280
2101 115.76539778
2102 80.89609640
2103 92.07459185
2104 240.63524167
2105 47.82887238
2106 37.32277317
2107 54.39970260
2108 16.67188907
2109 29.00858058
2110 14.50129479
2111 22.15130621
2112 16.79413914
2113 27.47434185
2114 25.05557298
2115 29.01314437
2116 36.61610870
2117 71.04431894
2118 138.60813643
2119 455.86677234
2120 133.69219813
2121 188.84885529
2122 161.09412623
2123 83.44738775
2124 42.04275103
2125 27.35987740
2126 22.38757461
2127 27.18087840
2128 29.42311059
2129 25.78048327
2130 54.16299876
2131 32.47369814
2132 107.17894658
2133 40.86471156
2134 148.14359355
2135 97.77006240
2136 73.59340900
2137 104.11596887
2138 99.48305736
2139 72.62721745
2140 165.92545628
2141 103.07181723
2142 101.99027028
2143 98.66770023
2144 88.03894410
2145 129.80285869
2146 121.10529678
2147 210.87309325
2148 45.50281810
2149 146.77232809
2150 28.98894511
2151 62.36583448
2152 42.14759729
2153 74.29563384
2154 30.32438737
2155 22.09623226
2156 28.11903518
2157 22.78235605
2158 13.98220179
2159 18.78649063
2160 9.85532888
2161 12.94501831
2162 12.99881331
2163 13.55929291
2164 17.23056131
2165 36.39685339
2166 14.57473348
2167 35.91844390
2168 33.61305543
2169 32.95191272
2170 36.50140342
2171 142.13366921
2172 175.58310197
2173 204.47801513
2174 97.05059314
2175 102.18331077
2176 150.10239394
2177 371.14770814
2178 123.77454114
2179 106.81274405
2180 64.82243024
2181 54.37072201
2182 33.56738694
2183 34.86705166
2184 12.71948563
2185 14.79001801
2186 38.12248144
2187 43.46247974
2188 32.89051294
2189 55.72234803
2190 43.82947826
2191 95.77931807
2192 55.32367015
2193 136.21750906
2194 57.05895982
2195 52.92889741
2196 42.50278493
2197 25.73499474
2198 21.21079317
2199 33.37825530
2200 22.97302048
2201 44.40084178
2202 37.63902565
2203 20.15892013
2204 35.76433232
2205 18.03176510
2206 28.26382251
2207 7.79578680
2208 12.98220449
2209 45.02200463
2210 21.14342656
2211 66.09406188
2212 22.28542323
2213 32.10295863
2214 92.27246679
2215 108.30665176
2216 39.11814382
2217 49.13967477
2218 61.09373167
2219 35.93290747
2220 26.87494044
2221 16.00254648
2222 23.48478451
2223 16.82531756
2224 23.67486881
2225 26.24420397
2226 24.40015288
2227 16.57249148
2228 18.50234104
2229 21.29914429
2230 34.29948231
2231 19.66714365
2232 36.59737827
2233 39.13368908
2234 34.23785125
2235 55.99583237
2236 25.16793779
2237 21.73979987
2238 56.12325655
2239 54.94348970
2240 42.71812790
2241 72.52502014
2242 170.22280725
2243 75.89340395
2244 132.39212657
2245 223.03623367
2246 258.39151644
2247 88.42334648
2248 94.55048080
2249 130.40675787
2250 72.24898226
2251 70.62396272
2252 23.32290922
2253 45.40047381
2254 17.54272516
2255 58.15830440
2256 19.32636013
2257 11.64627777
2258 10.65569500
2259 7.01084179
